start=1459.833000
volume=130.000000
fullscreen=yes
