start=3302.120000
osd-level=1
pause=no
volume-restore-data=pulse:43.000000:43.000000:0
gamma=0
brightness=0
contrast=0
saturation=0
hue=0
aid=1
sid=1
