start=5273.963000
osd-level=3
pause=no
volume=130.000000
aid=1
sid=1
sub-ass-force-margins=no
